322818
322864
332982
327023
334292
319333
311839
313745
313902
318864
320902
324081
337720
304872
319250
301697
315081
315223
325635
306268
333407
327738
321829
320776
335363
312597
332891
315472
324456
312614
311554
319591
326013
338258
315530
318989
303722
307525
311273
310918
307018
323484
307876
312509
315136
302771
339576
319963
316924
325057
316701
308478
340776
319800
309964
321495
314723
337768
324041
303573
311968
334528
301957
314853
306445
309295
318294
311986
307617
313401
315592
316761
319760
325161
309262
340934
320213
306699
315206
296790
308215
312273
326732
318378
318528
325018
298320
319820
304259
321502
316710
318587
301932
313159
315785
323218
326045
307134
321619
305917
