744833
700754
703945
712269
725092
706095
707921
722329
716152
683193
694294
716475
720906
694667
699880
724392
716565
731086
715922
713849
714398
702238
735566
716873
711513
733101
709269
698958
710275
737899
725849
722494
706046
733065
705909
734352
703329
764528
698976
703779
702179
720419
701250
713213
751805
738837
679259
713963
697779
705887
698585
722102
731392
727544
685256
701207
725988
705160
708256
714175
725468
689711
719160
687215
742166
712715
727512
702659
737736
713928
712693
713200
705155
696569
722759
695790
727151
707863
720920
705294
700852
749757
703931
721368
721567
738096
710131
712463
714351
733860
713263
714195
723046
704693
711707
747004
710868
709481
706792
694893
