147513
123816
98532.5
107053
114735
96020.4
103060
102734
100936
106988
107480
107101
103905
100754
103180
107261
101924
97929.7
98117.3
102265
102585
105935
102290
103332
111551
101781
102555
105287
106544
102660
98294.3
106242
98448.4
107163
103743
96493.2
109687
100824
103432
97662.6
100367
99232.6
112204
99851.3
97932.1
104079
118000
124180
108983
106644
109553
121721
118221
134099
148280
152063
142397
147558
127262
133490
141945
178536
187938
201458
184557
189456
192514
176134
163993
171038
171671
171507
160835
172302
164386
161192
157595
158711
187124
158033
183942
170983
167055
205034
179482
175258
175750
174321
182689
171593
171492
174159
184000
164230
150243
127519
116745
129498
126817
134576
