520235
531607
531508
517381
543979
536132
528846
539205
516094
517601
514919
519683
529867
513758
532669
527906
505499
518108
536890
535283
533574
535465
524684
509876
529097
535868
533945
556996
531863
562652
527671
540731
554035
511063
532786
527456
534500
517684
539682
534745
517506
522885
536755
500312
524492
550298
524913
529027
512915
529951
526504
514396
516974
548056
524995
520153
514704
536258
522116
513314
538501
527381
531993
490111
531217
520433
527232
512143
543893
522498
544229
551300
519519
525690
529488
525477
533724
533998
535592
553518
528661
530706
541057
530067
514908
547003
535890
554239
542903
536563
530239
524167
527234
551735
561176
538518
539606
531383
515241
541483
